1900121
1900122
2900226
2900228
2900229
2900230
2900232
2900233
2900234
2900235
2900256
2900257
2900258
2900259
2900260
2900261
2900262
2900263
2900264
2900265
2900266
2900267
2900268
2900269
2900270
2900271
2900272
2900273
2900274
2900275
2900276
2900335
2900336
2900337
2900338
2900339
2900340
2900341
2900342
2900343
2900344
2900345
2900346
2900347
2900348
2900349
2900350
2900351
2900352
2900353
2900354
2900355
2900356
2900357
2900358
2900359
2900459
2900461
2900462
2900463
2900464
2900493
2900494
2900495
2900496
2900497
2900498
2900530
2900531
2900532
2900533
2900534
2900535
2900536
2900537
2900538
2900539
2900552
2900553
2900554
2900555
2900556
2900557
2900558
2900559
2900560
2900561
2900562
2900563
2900564
2900565
2900566
2900567
2900568
2900569
2900570
2900571
2900754
2900755
2900756
2900757
2900758
2900759
2900760
2900761
2900762
2900764
2900765
2900766
2900768
2900769
2900770
2900771
2900773
2900774
2900776
2900777
2900778
2900779
2900780
2900781
2900782
2900783
2900876
2900877
2900878
2900879
2900880
2900881
2900882
2900883
2900884
2900885
2900886
2900887
2900888
2901073
2901074
2901075
2901076
2901077
2901078
2901079
2901080
2901081
2901082
2901083
2901084
2901085
2901086
2901087
2901088
2901089
2901090
2901091
2901092
2901253
2901254
2901255
2901256
2901257
2901258
2901259
2901260
2901261
2901262
2901263
2901264
2901265
2901266
2901267
2901283
2901284
2901285
2901286
2901287
2901288
2901289
2901290
2901291
2901292
2901293
2901294
2901296
2901297
2901298
2901299
2901304
2901307
2901308
2901309
2901310
2901311
2901312
2901313
2901314
2901315
2901317
2901318
2901319
2901320
2901321
2901322
2901323
2901324
2901325
2901326
2901327
2901328
2901329
2901330
2901331
2901332
2901333
2901334
2901335
2901336
2901337
2901338
2901339
2901340
2901341
2901342
2901343
2901344
2901351
2902066
2902067
2902068
2902069
2902070
2902071
2902072
2902073
2902074
2902075
2902076
2902077
2902078
2902079
2902080
2902081
2902082
2902083
2902084
2902085
2902086
2902087
2902088
2902089
2902090
2902091
2902092
2902093
2902094
2902095
2902096
2902097
2902098
2902099
2902100
2902101
2902102
2902103
2902105
2902106
2902107
2902108
2902109
2902110
2902111
2902112
2902113
2902114
2902118
2902119
2902120
2902121
2902122
2902123
2902124
2902125
2902126
2902127
2902128
2902129
2902130
2902131
2902132
2902133
2902134
2902135
2902136
2902137
2902138
2902139
2902140
2902141
2902142
2902143
2902146
2902147
2902148
2902149
2902150
2902151
2902152
2902153
2902154
2902156
2902157
2902158
2902159
2902160
2902161
2902162
2902163
2902165
2902166
2902168
2902169
2902173
2902174
2902175
2902177
2902178
2902179
2902180
2902181
2902182
2902183
2902184
2902185
2902186
2902187
2902188
2902189
2902190
2902191
2902192
2902193
2902194
2902195
2902196
2902197
2902198
2902199
2902200
2902201
2902202
2902203
2902204
2902205
2902206
2902209
2902210
2902211
2902212
2902213
2902214
2902215
2902216
2902217
2902218
2902219
2902220
2902225
2902226
2902238
2902239
2902240
2902241
2902242
2902243
2902244
2902245
2902263
2902264
2903950
2903951
3902581
4900510
4900511
4900668
4900669
4900670
4900671
4900672
4900673
4900674
4900675
4903783
5907092
6990679
7901136
7902250
